time,x,y,z,phi,theta,psi,x_velocity,y_velocity,z_velocity,phi_velocity,theta_velocity,psi_velocity,rotor_speed1,rotor_speed2,rotor_speed3,rotor_speed4
0.06,-1.86596994361e-06,-7.88125059862e-08,10.0068337552,6.28287510035,0.00103725758671,0.0,-0.000140339260339,-1.80086615343e-05,0.227773417328,-0.0183023189908,0.0391134948736,0.0,473.84554682883856,476.8423457098804,476.78945420907155,475.3894348140622
0.12000000000000001,-4.50209579219e-05,-1.32812239295e-05,10.0265000578,6.28180677916,0.00325660839979,0.0,-0.0015652167835,-0.000548557300341,0.427715354647,-0.0168295585433,0.0323617123233,0.0,467.3051759425375,466.77922315583623,468.13114194917677,468.24579408583133
0.18,-0.000212861342711,-7.81242601948e-05,10.0548565179,6.28067976193,0.00550996490983,0.0,-0.00424174290236,-0.00171986112052,0.517462034429,-0.0230097102997,0.0463188301591,0.0,432.99563488002116,434.16872852209553,434.36569068234695,433.8472203670561
0.23999999999999996,-0.000618850511059,-0.000250649569255,10.0934091333,6.27884746503,0.00809001493393,0.0,-0.00962452438188,-0.00422073258122,0.767488040759,-0.0531736684551,0.0353674660922,0.0,483.3127090615979,482.4875859235085,483.1965974636904,480.917194152293
0.3,-0.00136718395628,-0.000602674182894,10.1418247193,6.27545054546,0.0109558122866,0.0,-0.0155733447709,-0.00783770256028,0.846305270433,-0.0645795896428,0.0651547087119,0.0,429.74329080118264,432.26179769428643,430.98967603217056,430.02235304156244
0.36000000000000004,-0.00252919602656,-0.00123701833234,10.19442927,6.27209518587,0.0148939575688,0.0,-0.0235373609064,-0.0136505825449,0.907125270246,-0.0426298802307,0.0665804364538,0.0,425.47577764470253,425.60120481544345,423.63024862725956,425.5107543958741
0.4200000000000001,-0.00429072045253,-0.00231323291175,10.2534445145,6.2696170796,0.019807407056,0.0,-0.0356787846947,-0.0224980188336,1.05990824095,-0.0387703909709,0.102026875923,0.0,452.88910647045327,455.7357018611075,453.9950907456472,454.3037473005177
0.48000000000000015,-0.00696796319144,-0.00402148183655,10.3249867765,6.26738932958,0.0260839630479,0.0,-0.054341019453,-0.0347271163143,1.32454346984,-0.0340343701586,0.109326016978,0.0,487.3879739188514,487.9415923321813,487.2636701435433,487.61703865120177
0.5400000000000001,-0.010886208406,-0.00649446540244,10.4108663415,6.26521217352,0.0330756572171,0.0,-0.0770682308198,-0.0479510869343,1.53781819345,-0.0412180102594,0.128011483074,0.0,472.4696533124869,473.918998911734,473.71234443372845,473.15916355597864
0.6000000000000002,-0.0163572355797,-0.00982391532972,10.5100152314,6.26265462041,0.0406856841786,0.0,-0.106214056989,-0.063328317129,1.76677869906,-0.0456008882473,0.124370412534,0.0,479.07900326448026,478.8154944311648,478.2681731622851,477.9334086579699
0.6600000000000003,-0.0237889507266,-0.0141520354089,10.6234851395,6.26006079444,0.0488736483668,0.0,-0.142471522715,-0.08126274986,2.01509469,-0.0388685199868,0.153543691344,0.0,482.4329934232007,484.64560235146604,485.97615432021627,486.47961106794656
0.7200000000000003,-0.0334015444355,-0.0195228991186,10.7477419425,6.25740804544,0.0584379090849,0.0,-0.178913798351,-0.0980153773847,2.12653604467,-0.0579216453852,0.169096245358,0.0,443.9874339792554,445.2854221090698,445.7949038256093,444.2341774812804
0.7800000000000004,-0.045368140358,-0.0259423919351,10.8780633628,6.25419981926,0.0686326423424,0.0,-0.220985923438,-0.116296433039,2.21725999526,-0.0457963492853,0.171493985968,0.0,437.82943480721843,438.05700062410483,439.2993319555821,440.3016047097126
0.8400000000000004,-0.0600160053383,-0.0334995247003,11.0130823946,6.25170188561,0.0790782335007,0.0,-0.268272883455,-0.135855189573,2.28315510716,-0.0343902924753,0.178835308472,0.0,430.9700132032722,431.62014607765303,431.1572824310972,432.1188073858198
0.9000000000000005,-0.0778519739539,-0.0423331574606,11.1538106656,6.24945015325,0.0898603459701,0.0,-0.32737467185,-0.158814893497,2.40741846111,-0.0446880585187,0.181378546902,0.0,451.3201577315251,451.5560069417644,449.8978288615846,449.0626325305761
0.9600000000000005,-0.0997115806912,-0.0526835377168,11.304641348,6.24793473866,0.100839059939,0.0,-0.402532704451,-0.186408232411,2.61965905371,-0.00175789435184,0.185996192638,0.0,477.69487494508564,478.07667659956684,476.0319085023937,479.30525594070195
1.0200000000000005,-0.126092613029,-0.064629113177,11.4657262048,6.24799321438,0.11205408913,0.0,-0.477993738361,-0.211764459854,2.74938337424,0.00594547687789,0.188695523224,0.0,454.490930452571,454.74027786627875,453.5457540819942,454.16400821648705
1.0800000000000005,-0.157254934975,-0.0780955113729,11.6346622462,6.24852102415,0.12337842995,0.0,-0.561920948356,-0.237051401739,2.88132418315,0.013963843618,0.188825715599,0.0,456.3749085229762,456.4189110536536,455.0626670303034,455.70394681141426
1.1400000000000006,-0.194605442016,-0.0933131239635,11.8186690421,6.24939860795,0.134192116324,0.0,-0.684557333495,-0.270039567555,3.25100978634,0.0159195954451,0.151392408423,0.0,525.873087048425,523.2986486571015,525.4744529731539,525.6098656665248
1.2000000000000006,-0.238404594414,-0.110185601942,12.0159772425,6.24984791677,0.143460065221,0.0,-0.77628612301,-0.292285227184,3.32554794248,-0.0203169447126,0.159989371676,0.0,440.7285065144386,441.4611708840845,443.3131400257657,440.3254232872374
1.2600000000000007,-0.288073259719,-0.128432555601,12.2189502152,6.2484658958,0.15261728397,0.0,-0.880268427767,-0.316064149249,3.43967199831,-0.0291109533484,0.130812193606,0.0,455.4927841783651,453.17415038515753,455.5616930924702,454.85791531809184
1.3200000000000007,-0.344702623499,-0.148256641435,12.4321735136,6.24696009159,0.160944949575,0.0,-1.00824605409,-0.344902264602,3.66683004196,-0.0180827477043,0.151259434195,0.0,488.55747024553386,490.0953320439349,489.6999855296638,490.51960796126843
1.3800000000000008,-0.408688013247,-0.169725909984,12.6557425931,6.24578836634,0.169652266076,0.0,-1.12546936993,-0.370836680682,3.78484593928,-0.0225898079182,0.128577728982,0.0,460.5350920584238,458.7560383630738,458.69978808899975,458.341757726358
1.4400000000000008,-0.478665057491,-0.192509186527,12.8792836288,6.24502148957,0.177507273978,0.0,-1.20771263933,-0.388686785876,3.66674933733,0.00185533739223,0.135222229482,0.0,380.828458463179,381.482349141977,379.08205435288755,381.42407842190426
1.5000000000000009,-0.554382417883,-0.216516145688,13.0995348816,6.24525889483,0.185412527338,0.0,-1.31690545543,-0.411522699605,3.67471860281,0.00785940463965,0.123724935499,0.0,425.33611852937247,424.36699881115095,424.24122371531274,424.75640925262815
1.560000000000001,-0.637273276604,-0.241983075341,13.3227624126,6.24554282996,0.193859884066,0.0,-1.44687835644,-0.43731751368,3.76563993039,-0.00239946322157,0.162414759655,0.0,450.4142726206665,453.54966281352927,452.69359000625684,451.8672113910011
1.620000000000001,-0.727890298256,-0.268944333883,13.550118903,6.24573968022,0.203130552215,0.0,-1.5745603586,-0.461372356054,3.81245335226,0.0127336537885,0.129945958384,0.0,441.10212412787115,438.43446259808655,438.1876112507627,439.4438937856548
1.680000000000001,-0.826841096001,-0.297431076851,13.7826486215,6.24653749598,0.21100307646,0.0,-1.72453831261,-0.488078679196,3.93779489045,0.014400308091,0.133619225206,0.0,464.7194365298806,465.0222542700061,465.1556050653759,465.2859874011087
1.740000000000001,-0.934568400894,-0.327434843054,14.0208206458,6.24703613641,0.218939739078,0.0,-1.86709547231,-0.511960908042,4.00073766755,-0.0080807035589,0.129453055458,0.0,447.23157905351695,446.9080549459609,447.9584716422958,446.12639710560023
1.8000000000000012,-1.05146772138,-0.358940046075,14.2647733039,6.24631568684,0.22695632668,0.0,-2.03028187469,-0.53824742133,4.1301761223,-0.0213220554292,0.140835345756,0.0,468.1771941102382,469.07737477711555,469.9381818365617,468.91069926532873
1.8600000000000012,-1.17815004218,-0.392009485572,14.5156259633,6.24501712601,0.235860192362,0.0,-2.193259442,-0.564172150124,4.23078957044,-0.0222917031818,0.16033734719,0.0,461.5166201451614,463.0729037128325,461.5941374088047,461.517615562492
1.9200000000000013,-1.31469662946,-0.426642328285,14.7720097833,6.24398075438,0.245574792429,0.0,-2.35917066208,-0.590345471289,4.31455331883,-0.00876133657392,0.164879313665,0.0,458.7697263138529,459.1542737261445,457.23685961053246,458.31370227976277
1.9800000000000013,-1.46177999498,-0.462920460212,15.0348552034,6.24383878664,0.255287331852,0.0,-2.54450894612,-0.618921259138,4.44591185807,0.00806549451879,0.155076300067,0.0,475.68219870837436,474.9538428460939,473.5838017332847,474.8764993014688
2.0400000000000014,-1.62010883965,-0.500897020337,15.3051723199,6.24463910186,0.264595787886,0.0,-2.73395189181,-0.64685988277,4.56363874989,0.0222159823505,0.155269724352,0.0,472.7084290616591,472.7445105222667,472.2711938633393,473.36139459396554
2.1000000000000014,-1.78899382007,-0.540385343872,15.5787611712,6.24629272975,0.273418374531,0.0,-2.89634129838,-0.669276261042,4.5555442848,0.0365385474658,0.120601894876,0.0,434.98878347441445,432.09542848832626,435.23171768787324,436.4291869265653
2.1600000000000015,-1.96806071919,-0.581222893321,15.852805194,6.24846901854,0.280839535301,0.0,-3.07319534049,-0.69176319932,4.57869019798,0.0357320477763,0.129228325343,0.0,445.1330144905693,445.8522737255339,446.4648347779497,446.3996045398105
2.2200000000000015,-2.15761315259,-0.623336240748,16.127231111,6.25094390697,0.288212806981,0.0,-3.24588999589,-0.711807301879,4.5684014026,0.0504680829762,0.105550602092,0.0,437.127833448825,435.16359971363613,435.61349195485593,436.8451205603489
2.2800000000000016,-2.35763499117,-0.666603242629,16.4008840552,6.25365506373,0.294890701425,0.0,-3.42209449892,-0.730174597367,4.55296230241,0.0316856084141,0.12083709316,0.0,434.9852790083228,436.2748518085058,435.98616613085136,434.4149671964709
2.3400000000000016,-2.56834574632,-0.710927250376,16.6734983398,6.25559007058,0.302684091024,0.0,-3.60227220811,-0.747123789692,4.53373114455,0.0333556663068,0.143644466507,0.0,433.6188684744097,435.54644882329796,435.56258798456685,435.7026668677179
2.4000000000000017,-2.79045576424,-0.756272079357,16.9462793993,6.25720533328,0.311187347791,0.0,-3.80213823056,-0.76418796434,4.55822703673,0.0091856800843,0.137571274518,0.0,450.73637189241265,450.2635992585541,451.8593103463159,449.90644457890886
2.4600000000000017,-3.02464083412,-0.802607847835,17.2201773792,6.2573017479,0.31900798627,0.0,-4.00473621665,-0.780288040287,4.57099224526,-0.0212927258503,0.109202775148,0.0,448.8557379736176,446.56212742158453,450.5238205415847,448.0523158965423
2.520000000000002,-3.27063556017,-0.849873490423,17.4932543581,6.25580348396,0.325902300642,0.0,-4.19571580644,-0.795336557623,4.53114544044,-0.0335860183154,0.124380969168,0.0,431.50364375484907,432.7953540640533,433.20180965042215,432.16652153401895
2.580000000000002,-3.5292833942,-0.898153802628,17.7669781041,6.25357394999,0.33347123223,0.0,-4.42650547842,-0.814183174495,4.59194084484,-0.0454820748688,0.129465702995,0.0,466.6163330640893,467.02680905267886,466.85641483943823,465.92653073523473
2.640000000000002,-3.80078249628,-0.947507407289,18.0409070008,6.25109734436,0.341182196816,0.0,-4.62417677557,-0.831130008007,4.53854946481,-0.033972246657,0.12654792971,0.0,431.4005747700793,431.1697293797424,430.53582630940264,431.5077561349021
2.700000000000002,-4.08380213291,-0.99786911305,18.3101804673,6.24904834098,0.348777565669,0.0,-4.81055300279,-0.847736329495,4.43699764639,-0.0345079906578,0.126672367876,0.0,414.9924715496041,415.01924515302,415.67646600385746,415.62893741115016
2.760000000000002,-4.37751882153,-1.04919606859,18.5715696614,6.2468889415,0.356018748137,0.0,-4.98079048277,-0.863301581493,4.27603489892,-0.039131400453,0.104708681167,0.0,395.13865225047005,393.1230664452667,394.09433146033837,393.66588149046805
2.820000000000002,-4.68469987842,-1.10179076006,18.8316001325,6.24407874233,0.362628269615,0.0,-5.25906094967,-0.890064536784,4.39019638799,-0.0703744204251,0.119280665348,0.0,487.1305521018181,488.22861288249635,488.31973117879244,485.98178398974187
2.880000000000002,-5.00727487421,-1.1558996823,19.094495492,6.23982732215,0.36988942833,0.0,-5.49409842337,-0.913893078076,4.37215799429,-0.0718395312276,0.124284653327,0.0,447.2095294114215,447.630113253468,448.9769091395438,448.8542097871083
2.940000000000002,-5.34488566614,-1.21159502207,19.3581874498,6.23536761069,0.377287957047,0.0,-5.76020607687,-0.942975513685,4.4163197188,-0.0798364037139,0.121284107339,0.0,470.6941662400955,470.47470638553557,470.63829385147665,470.01480628478066
3.000000000000002,-5.69644297834,-1.26884782414,19.6188943432,6.23040730403,0.384378380869,0.0,-5.95916840949,-0.965766270709,4.27371274208,-0.0890452139854,0.111094240086,0.0,409.70131510280265,408.80789787751166,409.38922622287737,408.5625482348616
3.0600000000000023,-6.06079733526,-1.32762677368,19.8727227343,6.22502025195,0.391421636132,0.0,-6.18670135358,-0.993903878125,4.1866701869,-0.0913036107413,0.127673259767,0.0,428.65907806405176,430.07866583019216,430.192626645046,429.99427504526074
3.1200000000000023,-6.44011289164,-1.38833451131,20.1239986515,6.21958819414,0.399030366604,0.0,-6.45781984752,-1.0300979712,4.18800107233,-0.0890394631393,0.125033768319,0.0,461.29216211364957,461.09765647527,461.3759473639028,461.5481757758815
3.1800000000000024,-6.83614484326,-1.45134329943,20.3758525843,6.2139356541,0.406137078883,0.0,-6.74386774346,-1.07060460692,4.20577738506,-0.107325370702,0.100105112399,0.0,470.57783084130045,468.6552224347926,469.87478420171294,468.4475220696921
3.2400000000000024,-7.2491269675,-1.51681752323,20.627736447,6.20716810408,0.411787606383,0.0,-7.02277133702,-1.11235269248,4.18921809495,-0.126911589189,0.0784012708785,0.0,461.67591586081573,459.96686423690403,461.97605953723524,460.41766280195975
3.3000000000000025,-7.67861462907,-1.58484082467,20.877628136,6.19947166205,0.41684537685,0.0,-7.29405469315,-1.15563596361,4.13956331203,-0.131145331346,0.0940408850028,0.0,452.5725127080311,453.83545038160054,451.7489856628066,451.39261594228043
3.3600000000000025,-8.12414980466,-1.65550456925,21.1235589357,6.19153836683,0.422604647264,0.0,-7.55779929527,-1.20035175505,4.05728262679,-0.134463445147,0.0996195700803,0.0,443.4326139003257,443.8986221183553,443.32546668805327,443.0365348325915
3.4200000000000026,-8.58644327169,-1.72912155764,21.3661282091,6.18383459299,0.428854113255,0.0,-7.85259612074,-1.25409046078,4.02707402347,-0.118418440809,0.11195858052,0.0,462.03936102743467,463.02028496588804,463.32199694956006,464.56758562996544
3.4800000000000026,-9.0659744385,-1.80593912296,21.6053656187,6.17672487762,0.43509091131,0.0,-8.13251002594,-1.30693911033,3.94645599912,-0.118649182757,0.0787510889434,0.0,450.6544310026584,447.9702590151714,448.8482394765274,448.81704162234524
3.5400000000000027,-9.56156136154,-1.88581384623,21.8376773346,6.1693146841,0.439680437761,0.0,-8.38786294838,-1.35598233622,3.79673207055,-0.135591969034,0.0715441426508,0.0,427.6416027498225,427.0319506577607,427.08377324196243,425.6210114148913
3.6000000000000028,-10.074855532,-1.96926497675,22.0655774523,6.16113810016,0.443615424353,0.0,-8.72238920529,-1.42627159648,3.79833985146,-0.137680038992,0.0496867245369,0.0,481.1688084317065,479.51355341891536,480.4624692949658,480.28844487329144
3.660000000000003,-10.6066931222,-2.05662577874,22.2898867995,6.15231580874,0.446751089855,0.0,-9.00624302067,-1.4862640711,3.67786335338,-0.182331097057,0.0569664107686,0.0,441.818726144035,442.42046072236235,444.5056523529329,440.80796833665283
3.720000000000003,-11.1559733455,-2.14777378734,22.5073495483,6.1417038459,0.450061763675,0.0,-9.30379957126,-1.55266514125,3.56990652329,-0.167727622808,0.051338403216,0.0,449.41059063402133,448.9560543598698,447.7952126959296,448.9518933822447
3.780000000000003,-11.7231590779,-2.24300734185,22.7179469331,6.13200250989,0.452941761872,0.0,-9.60313802697,-1.62236910089,3.44906955252,-0.151752648059,0.0403124319984,0.0,447.5073685120218,446.61006237529057,445.4613191506146,446.74113798936696
3.840000000000003,-12.3097561536,-2.34294152416,22.9237394105,6.12309303504,0.454863874095,0.0,-9.95061140821,-1.70931094923,3.40916684218,-0.142664215455,0.0052250067062,0.0,477.1895436345067,474.5030716403402,476.8224025402528,477.497303347975
3.900000000000003,-12.9154499496,-2.4475891656,23.123103569,6.11470402853,0.455641469734,0.0,-10.2400846264,-1.7794261136,3.23579148143,-0.134661726802,0.0251283942783,0.0,432.75449287581034,434.4270712186157,432.65292354793996,433.3076161739412
3.960000000000003,-13.5398094435,-2.55692046377,23.3141823541,6.10643651162,0.457079940784,0.0,-10.572636601,-1.86539485226,3.13236011227,-0.144921885872,0.0215609883251,0.0,459.94534957062973,459.6626936936089,459.7984965131305,458.96767830791094
4.020000000000002,-14.184581033,-2.67161223141,23.499434949,6.09756024209,0.458265695189,0.0,-10.9204698267,-1.95813696809,3.0414203593,-0.154769855115,0.0158988736913,0.0,466.7607889660608,466.31851274327886,467.0013162156355,466.21281155702013
4.080000000000001,-14.849031411,-2.79146028439,23.6762973295,6.08816202186,0.459028224923,0.0,-11.2289408201,-2.03729112028,2.85332075656,-0.160654785451,0.00541249113485,0.0,435.7726061946699,434.8947472294183,435.43410542990694,434.91750146639464
4.14,-15.533042094,-2.91648798944,23.8433900857,6.07857775466,0.459121884629,0.0,-11.5723425706,-2.13080637194,2.71537282528,-0.157966399499,-0.00754090601848,0.0,455.5908992019719,454.553684161972,454.7173172874955,454.90910323620005
4.199999999999998,-16.2371315969,-3.0469309149,24.0005723696,6.06930114338,0.458800268407,0.0,-11.8984669323,-2.21778072371,2.52333652419,-0.148631887766,-0.0013211855349,0.0,438.08535926731787,438.60248999649457,437.3521672517585,438.1061557394897
4.259999999999997,-16.9622112789,-3.18319958589,24.1484245455,6.06079985326,0.458539219838,0.0,-12.2718174214,-2.32492327912,2.40375293749,-0.130541943043,-0.0112283670841,0.0,465.65343226170677,464.8776134220184,465.21961092746136,466.6164215203509
4.319999999999996,-17.7115220089,-3.3267082606,24.2920578016,6.0531989332,0.457442119193,0.0,-12.7058592385,-2.45899773626,2.38198641977,-0.11991118711,-0.0386741036732,0.0,501.74043585583144,499.74333643192017,501.0938825554325,501.85360938731884
4.379999999999995,-18.4848630552,-3.47731763471,24.4297306294,6.04568798738,0.455848124058,0.0,-13.073468315,-2.56167180216,2.20622165929,-0.138632953433,-0.0094646315352,0.0,452.3508064811522,454.69740081856224,454.2683195921397,452.7498688005205
4.439999999999993,-19.2792452212,-3.63354046827,24.5541174861,6.03684674529,0.455140674608,0.0,-13.4076299369,-2.64617384749,1.93954654424,-0.177085743248,-0.0169043873251,0.0,422.46429106394567,421.8221818344558,424.4560414844859,421.1187363847381
4.499999999999992,-20.0950374319,-3.79543338008,24.6644105365,6.02660868781,0.454452049435,0.0,-13.786958055,-2.75073017435,1.73582533198,-0.16014044794,-0.00238047029421,0.0,445.9227886444551,447.10816787017535,447.1756605567534,448.5264307612198
4.559999999999991,-20.9333272089,-3.9633871017,24.7611154137,6.01757093876,0.453781929248,0.0,-14.1577982827,-2.84812548438,1.48679908471,-0.136345104489,-0.0414906030755,0.0,434.2775188422232,430.9832785390407,432.92868977032003,434.9045106161122
4.6199999999999894,-21.7941950615,-4.13724225156,24.8426356501,6.00910661445,0.451796088521,0.0,-14.5397285566,-2.9474432155,1.22985159801,-0.152758068149,-0.0201197899643,0.0,431.7666021129874,433.56592939257064,432.5562029779832,431.15188060135443
4.679999999999988,-22.6806362155,-4.31840506593,24.9130667651,5.99968229843,0.450760070336,0.0,-15.0097644832,-3.09160898409,1.1158238124,-0.167497184584,-0.0120978796892,0.0,484.56081573350076,485.16376821497596,485.57990627330724,484.45130134001755
4.739999999999987,-23.5958753817,-4.50844683544,24.9768137882,5.98944945396,0.45050423596,0.0,-15.4997221976,-3.24338925531,1.00673595105,-0.177466657212,0.00802898944551,0.0,490.2295700698111,491.72336086344,492.08847025641626,491.3247615778205
4.799999999999986,-24.5388686728,-4.70646660329,25.0296504968,5.97864223556,0.451057362035,0.0,-15.935512167,-3.35758571741,0.752963697564,-0.186030064187,0.0114980677527,0.0,446.19358229376235,446.4766853912237,447.18559786977903,446.4559775765992
4.859999999999984,-25.5095331709,-4.91207473818,25.0690755617,5.96842267176,0.452309903175,0.0,-16.4219687965,-3.49620994751,0.558955351822,-0.149857137186,0.035019346329,0.0,471.75040804122705,473.5637364084625,469.6368572496275,472.4079351178352
4.919999999999983,-26.5072828728,-5.1244134616,25.0914707815,5.95965530767,0.454362678721,0.0,-16.8390934856,-3.58195788734,0.186458920882,-0.139547952467,0.03254960913,0.0,410.67659407156395,410.4579641601392,410.95788807287937,411.84910910762517
4.979999999999982,-27.5341720799,-5.34425182461,25.0981578231,5.95116555078,0.456693093781,0.0,-17.3926309305,-3.74582844064,0.033343885517,-0.14570286632,0.0491284283305,0.0,492.95514179924726,494.17966224660785,495.07668864710024,494.6070346519797
5.0399999999999805,-28.5911582098,-5.57152227311,25.0881984945,5.94194627489,0.45990576524,0.0,-17.843278378,-3.82993922031,-0.366774859859,-0.178485114475,0.0611660866504,0.0,410.9685049674036,412.03666705568173,412.68173732629276,409.75102990948244
